-1.532001e-01 7.080818e-02 1.015662e-01 2.190595e-01 2.434411e-02 -1.912945e-01 3.812455e-01 2.337092e-07 -4.523828e-04 -1.252058e-13 -2.479619e-03 -1.084282e-03 -3.697058e-03 -1.049545e-05 1.315956e-15 2.487917e-06 -2.905420e-04 1.493716e-14 4.773289e-03 -8.390081e-03 2.333122e-03 1.488568e-03 -2.175671e-07 2.316822e-16 -3.677972e-04 -3.221447e-01 -3.126560e-01 4.458298e-01 -5.914259e-03 8.607683e-03 4.526098e-01 3.539727e-01 
1.589832e-03 4.689018e-02 1.634134e-01 2.526085e-01 -1.914563e-01 2.690733e-01 -4.367946e-02 2.498846e-01 2.501102e-01 7.148879e-11 2.496118e-01 2.258645e-01 1.070066e-01 -2.875333e-01 3.589523e-11 2.497741e-01 -2.502222e-01 1.446720e-11 -2.493164e-01 1.080662e-01 -2.251735e-01 2.004083e-01 -2.892333e-01 -4.418053e-12 2.058094e-01 2.135822e-03 -2.927056e-04 -1.091970e-01 1.086820e-01 1.091399e-01 1.118420e-01 -4.706097e-04 
-3.171424e-01 -3.071687e-01 -4.333048e-02 9.288582e-03 -5.989171e-03 7.235924e-02 -2.157981e-02 -2.498840e-01 1.134962e-04 2.500000e-01 2.501727e-01 -1.194208e-01 2.195528e-01 1.431796e-01 2.500000e-01 -2.497748e-01 -2.235878e-04 -2.500000e-01 -2.504035e-01 2.267408e-01 1.047341e-01 2.023033e-01 1.449053e-01 -2.500000e-01 2.049721e-01 1.538497e-01 -1.557864e-01 2.676398e-03 2.505562e-03 1.252676e-03 3.328999e-03 -4.646252e-04 
-2.531644e-03 -7.688600e-02 2.711576e-01 -1.902329e-01 -2.539395e-01 -1.465208e-01 -9.891926e-04 -2.302103e-07 -2.497691e-01 -2.500000e-01 -6.964257e-03 1.095462e-01 3.365743e-01 1.443308e-01 -2.500000e-01 -1.100682e-06 2.495513e-01 2.500000e-01 -1.842586e-03 3.336151e-01 -1.196799e-01 2.041672e-01 1.443427e-01 2.500000e-01 2.041449e-01 2.188694e-04 -3.035261e-03 1.082369e-01 1.120278e-01 1.119485e-01 -1.047008e-01 -4.588345e-04 
1.591688e-01 -1.491863e-01 -2.095695e-01 2.627744e-02 -2.145387e-01 2.361661e-02 3.608692e-01 -5.996708e-04 -1.052588e-03 -2.966854e-13 3.051234e-03 3.315078e-03 -1.454504e-04 -4.860084e-04 6.094553e-14 -1.107252e-03 8.161793e-04 -4.926458e-14 -5.851721e-03 -1.936211e-03 -6.375431e-03 5.747142e-04 2.133325e-04 3.427514e-15 -1.198873e-04 3.149950e-01 3.205707e-01 9.064954e-03 4.474416e-01 -4.511081e-01 3.681442e-03 3.536934e-01 
1.142813e-02 4.378549e-02 1.537390e-01 2.484236e-01 -1.953816e-01 2.741319e-01 -4.551503e-02 -2.503460e-01 -2.501189e-01 -7.149530e-11 -2.500525e-01 -2.194559e-01 -1.196088e-01 -2.875567e-01 3.589852e-11 -2.506715e-01 2.502240e-01 -1.447245e-11 2.501924e-01 -1.051414e-01 2.265468e-01 2.003757e-01 -2.892444e-01 -4.418332e-12 2.057943e-01 1.588936e-03 4.025705e-03 -1.117009e-01 1.077427e-01 1.055410e-01 1.116383e-01 -6.649606e-04 
3.185119e-01 3.040588e-01 4.173075e-02 -1.384762e-03 1.069820e-03 -7.270333e-02 2.252488e-02 2.496524e-01 -1.155494e-04 2.500000e-01 -2.501655e-01 -1.071016e-01 2.260732e-01 1.454516e-01 2.500000e-01 2.493280e-01 2.219985e-04 -2.500000e-01 2.504176e-01 2.255434e-01 1.082606e-01 2.060025e-01 1.437674e-01 -2.500000e-01 2.032966e-01 -1.546799e-01 1.551724e-01 -2.665249e-03 1.391322e-04 -6.121054e-04 2.135376e-03 1.037883e-04 
3.901109e-03 7.377610e-02 -2.727573e-01 1.981367e-01 2.490202e-01 1.461767e-01 1.934266e-03 -2.314012e-04 2.497670e-01 -2.500000e-01 6.971470e-03 -3.360686e-01 1.090516e-01 1.443004e-01 -2.500000e-01 -4.457194e-04 -2.495529e-01 2.500000e-01 1.856691e-03 1.186690e-01 3.326746e-01 2.041386e-01 1.443301e-01 2.500000e-01 2.041238e-01 -1.049056e-03 2.421218e-03 -1.082258e-01 -1.093831e-01 -1.113079e-01 1.101652e-01 9.799752e-05 
-1.567950e-01 1.913597e-01 -1.052259e-02 -2.151037e-01 -3.089887e-02 2.126569e-01 3.390328e-01 5.984868e-04 -1.055117e-03 -2.869019e-13 1.878072e-03 -3.314611e-03 2.013866e-03 4.615774e-04 -5.753201e-14 1.106187e-03 8.211053e-04 -3.493052e-14 -3.724321e-03 2.647998e-03 6.372292e-03 -3.473019e-04 -2.145852e-04 -3.219656e-15 1.270097e-04 -3.129527e-01 -3.226027e-01 -4.531087e-01 9.104286e-03 -3.670132e-03 -4.459769e-01 3.534128e-01 
-1.211938e-02 -4.139414e-02 -1.601800e-01 -2.539371e-01 1.932694e-01 -2.644676e-01 4.458745e-02 -2.496507e-01 2.498872e-01 6.694781e-11 -2.498366e-01 2.197440e-01 1.195328e-01 -2.898086e-01 3.617958e-11 -2.493308e-01 -2.497773e-01 1.127977e-11 2.497502e-01 1.048891e-01 -2.271515e-01 2.078073e-01 -2.880964e-01 -4.400608e-12 2.024587e-01 -8.900230e-04 -4.758428e-03 1.098791e-01 -1.082003e-01 -1.108486e-01 -1.103068e-01 6.658523e-04 
-3.170526e-01 -3.042118e-01 -4.966660e-02 -2.485638e-03 -4.431513e-03 8.096194e-02 -2.326512e-02 2.503475e-01 -1.161287e-04 -2.500000e-01 -2.497221e-01 1.068032e-01 -2.259582e-01 1.432008e-01 2.500000e-01 2.506686e-01 2.246903e-04 2.500000e-01 2.495281e-01 -2.253673e-01 -1.076742e-01 2.022352e-01 1.449155e-01 -2.500000e-01 2.049409e-01 1.550107e-01 -1.546177e-01 5.722857e-04 2.822178e-04 -4.433404e-03 9.474059e-05 -1.029582e-04 
-6.833537e-03 7.921984e-02 -2.690144e-01 1.895226e-01 2.547293e-01 1.487097e-01 6.531856e-06 2.320568e-04 -2.502305e-01 2.500000e-01 7.186394e-03 3.360732e-01 -1.100367e-01 1.443434e-01 -2.500000e-01 4.481356e-04 2.504466e-01 -2.500000e-01 1.403602e-03 -1.206526e-01 -3.326230e-01 2.041041e-01 1.443507e-01 2.500000e-01 2.041082e-01 1.848927e-04 -2.720019e-03 -1.067925e-01 -1.123673e-01 -1.116545e-01 1.060722e-01 -9.643447e-05 
1.500724e-01 -1.815765e-01 2.074835e-01 -2.897746e-02 2.201212e-01 1.442766e-01 3.158282e-01 2.420889e-07 -4.571593e-04 -1.264579e-13 -2.450791e-03 1.076494e-03 2.929222e-03 -1.013007e-05 1.212432e-15 2.469308e-06 -2.856443e-04 1.499733e-14 4.803752e-03 4.359181e-03 -2.251761e-03 -1.277594e-03 -2.041271e-07 -4.042717e-17 3.728637e-04 3.211301e-01 3.152955e-01 -3.210847e-03 -4.514956e-01 4.475667e-01 -1.122105e-02 3.531309e-01 
-8.985013e-04 -4.813523e-02 -1.509922e-01 -2.508509e-01 1.964720e-01 -2.682378e-01 4.256893e-02 2.501162e-01 -2.498786e-01 -6.694149e-11 2.502720e-01 -2.261674e-01 -1.069008e-01 -2.898281e-01 3.618214e-11 2.502208e-01 2.497755e-01 -1.127360e-11 -2.506365e-01 -1.078726e-01 2.257498e-01 2.077709e-01 -2.881059e-01 -4.400858e-12 2.024425e-01 -2.850843e-03 1.074881e-03 1.134111e-01 -1.063069e-01 -1.061569e-01 -1.111938e-01 4.713392e-04 
3.180052e-01 3.024080e-01 5.368869e-02 -7.398297e-03 1.090752e-02 -7.346836e-02 2.072006e-02 -2.501158e-01 1.181587e-04 -2.500000e-01 2.497149e-01 1.197264e-01 -2.196451e-01 1.454735e-01 2.500000e-01 -2.502217e-01 -2.231227e-04 2.500000e-01 -2.495422e-01 -2.269596e-01 -1.053047e-01 2.059336e-01 1.437779e-01 -2.500000e-01 2.032652e-01 -1.558681e-01 1.538699e-01 5.780555e-04 -1.971707e-03 2.658521e-03 -4.565572e-03 4.650070e-04 
7.786110e-03 -8.102367e-02 2.730365e-01 -1.994065e-01 -2.482533e-01 -1.412161e-01 -2.551587e-03 -3.868435e-07 2.502325e-01 2.500000e-01 -7.193540e-03 -1.095437e-01 -3.355666e-01 1.443309e-01 -2.500000e-01 -1.247495e-06 -2.504450e-01 -2.500000e-01 -1.417719e-03 -3.316744e-01 1.196441e-01 2.040648e-01 1.443427e-01 2.500000e-01 2.040980e-01 -1.042229e-03 1.972196e-03 1.079428e-01 1.106778e-01 1.098796e-01 -1.105430e-01 4.584833e-04 
1.500724e-01 1.815765e-01 -2.074835e-01 -2.897746e-02 2.201212e-01 -1.442766e-01 -3.158282e-01 2.420888e-07 4.571593e-04 1.265669e-13 2.450791e-03 1.076494e-03 2.929222e-03 1.013007e-05 -1.308122e-15 -2.469308e-06 -2.856443e-04 1.496390e-14 4.803752e-03 -4.359181e-03 2.251761e-03 1.277594e-03 -2.041271e-07 -1.783433e-16 3.728637e-04 3.211301e-01 -3.152955e-01 -3.210847e-03 4.514956e-01 4.475667e-01 1.122105e-02 3.531309e-01 
8.985013e-04 -4.813523e-02 -1.509922e-01 2.508509e-01 -1.964720e-01 -2.682378e-01 4.256893e-02 -2.501162e-01 -2.498786e-01 -7.142429e-11 2.502720e-01 2.261674e-01 1.069008e-01 -2.898281e-01 3.618287e-11 2.502208e-01 -2.497755e-01 1.444643e-11 2.506365e-01 -1.078726e-01 2.257498e-01 2.077709e-01 2.881059e-01 4.401023e-12 -2.024425e-01 2.850843e-03 1.074881e-03 -1.134111e-01 -1.063069e-01 1.061569e-01 -1.111938e-01 -4.713392e-04 
-3.180052e-01 3.024080e-01 5.368869e-02 7.398297e-03 -1.090752e-02 -7.346836e-02 2.072006e-02 2.501158e-01 1.181587e-04 -2.500000e-01 2.497149e-01 -1.197264e-01 2.196451e-01 1.454735e-01 2.500000e-01 -2.502217e-01 2.231228e-04 -2.500000e-01 2.495422e-01 -2.269596e-01 -1.053047e-01 2.059336e-01 -1.437779e-01 2.500000e-01 -2.032652e-01 1.558681e-01 1.538699e-01 -5.780555e-04 -1.971707e-03 -2.658521e-03 -4.565572e-03 -4.650070e-04 
-7.786110e-03 -8.102367e-02 2.730365e-01 1.994065e-01 2.482533e-01 -1.412161e-01 -2.551587e-03 3.868088e-07 2.502325e-01 2.500000e-01 -7.193540e-03 1.095437e-01 3.355666e-01 1.443309e-01 -2.500000e-01 -1.247467e-06 2.504450e-01 2.500000e-01 1.417719e-03 -3.316744e-01 1.196441e-01 2.040648e-01 -1.443427e-01 -2.500000e-01 -2.040980e-01 1.042229e-03 1.972196e-03 -1.079428e-01 1.106778e-01 -1.098796e-01 -1.105430e-01 -4.584833e-04 
-1.567950e-01 -1.913597e-01 1.052259e-02 -2.151037e-01 -3.089887e-02 -2.126569e-01 -3.390328e-01 5.984868e-04 1.055117e-03 2.975800e-13 -1.878072e-03 -3.314611e-03 2.013866e-03 -4.615774e-04 5.749569e-14 -1.106187e-03 8.211053e-04 -4.945205e-14 -3.724321e-03 -2.647998e-03 -6.372292e-03 3.473019e-04 -2.145852e-04 -3.107363e-15 1.270097e-04 -3.129527e-01 3.226027e-01 -4.531087e-01 -9.104286e-03 -3.670132e-03 4.459769e-01 3.534128e-01 
1.211938e-02 -4.139414e-02 -1.601800e-01 2.539371e-01 -1.932694e-01 -2.644676e-01 4.458745e-02 2.496507e-01 2.498872e-01 7.142228e-11 -2.498366e-01 -2.197440e-01 -1.195328e-01 -2.898086e-01 3.617982e-11 -2.493308e-01 2.497773e-01 -1.444071e-11 -2.497502e-01 1.048891e-01 -2.271515e-01 2.078073e-01 2.880964e-01 4.400692e-12 -2.024587e-01 8.900230e-04 -4.758428e-03 -1.098791e-01 -1.082003e-01 1.108486e-01 -1.103068e-01 -6.658523e-04 
3.170526e-01 -3.042118e-01 -4.966660e-02 2.485638e-03 4.431513e-03 8.096194e-02 -2.326512e-02 -2.503475e-01 -1.161287e-04 -2.500000e-01 -2.497221e-01 -1.068032e-01 2.259582e-01 1.432008e-01 2.500000e-01 2.506686e-01 -2.246903e-04 -2.500000e-01 -2.495281e-01 -2.253673e-01 -1.076742e-01 2.022352e-01 -1.449155e-01 2.500000e-01 -2.049409e-01 -1.550107e-01 -1.546177e-01 -5.722857e-04 2.822178e-04 4.433404e-03 9.474059e-05 1.029582e-04 
6.833537e-03 7.921984e-02 -2.690144e-01 -1.895226e-01 -2.547293e-01 1.487097e-01 6.531856e-06 -2.320568e-04 -2.502305e-01 2.500000e-01 7.186393e-03 -3.360732e-01 1.100367e-01 1.443434e-01 -2.500000e-01 4.481356e-04 -2.504466e-01 2.500000e-01 -1.403602e-03 -1.206526e-01 -3.326230e-01 2.041041e-01 -1.443507e-01 -2.500000e-01 -2.041082e-01 -1.848927e-04 -2.720019e-03 1.067925e-01 -1.123673e-01 1.116545e-01 1.060722e-01 9.643447e-05 
1.591688e-01 1.491863e-01 2.095695e-01 2.627744e-02 -2.145387e-01 -2.361661e-02 -3.608692e-01 -5.996708e-04 1.052588e-03 2.861225e-13 -3.051234e-03 3.315078e-03 -1.454504e-04 4.860084e-04 -6.061578e-14 1.107252e-03 8.161793e-04 -3.516235e-14 -5.851721e-03 1.936211e-03 6.375431e-03 -5.747142e-04 2.133325e-04 3.299209e-15 -1.198873e-04 3.149950e-01 -3.205707e-01 9.064954e-03 -4.474416e-01 -4.511081e-01 -3.681442e-03 3.536934e-01 
-1.142813e-02 4.378549e-02 1.537390e-01 -2.484236e-01 1.953816e-01 2.741319e-01 -4.551503e-02 2.503460e-01 -2.501189e-01 -6.699977e-11 -2.500525e-01 2.194559e-01 1.196088e-01 -2.875567e-01 3.589873e-11 -2.506715e-01 -2.502240e-01 1.128623e-11 -2.501924e-01 -1.051414e-01 2.265468e-01 2.003757e-01 2.892444e-01 4.418458e-12 -2.057943e-01 -1.588936e-03 4.025705e-03 1.117009e-01 1.077427e-01 -1.055410e-01 1.116383e-01 6.649606e-04 
-3.185119e-01 3.040588e-01 4.173075e-02 1.384762e-03 -1.069820e-03 -7.270333e-02 2.252488e-02 -2.496524e-01 -1.155494e-04 2.500000e-01 -2.501655e-01 1.071016e-01 -2.260732e-01 1.454516e-01 2.500000e-01 2.493280e-01 -2.219985e-04 2.500000e-01 -2.504176e-01 2.255434e-01 1.082606e-01 2.060025e-01 -1.437674e-01 2.500000e-01 -2.032966e-01 1.546799e-01 1.551724e-01 2.665249e-03 1.391322e-04 6.121054e-04 2.135376e-03 -1.037883e-04 
-3.901109e-03 7.377610e-02 -2.727573e-01 -1.981367e-01 -2.490202e-01 1.461767e-01 1.934266e-03 2.314012e-04 2.497670e-01 -2.500000e-01 6.971470e-03 3.360686e-01 -1.090516e-01 1.443004e-01 -2.500000e-01 -4.457193e-04 2.495529e-01 -2.500000e-01 -1.856691e-03 1.186690e-01 3.326746e-01 2.041386e-01 -1.443301e-01 -2.500000e-01 -2.041238e-01 1.049056e-03 2.421218e-03 1.082258e-01 -1.093831e-01 1.113079e-01 1.101652e-01 -9.799752e-05 
-1.532001e-01 -7.080818e-02 -1.015662e-01 2.190595e-01 2.434411e-02 1.912945e-01 -3.812455e-01 2.337092e-07 4.523828e-04 1.255580e-13 2.479619e-03 -1.084282e-03 -3.697058e-03 1.049545e-05 -1.526877e-15 -2.487917e-06 -2.905420e-04 1.488927e-14 4.773289e-03 8.390081e-03 -2.333122e-03 -1.488568e-03 -2.175671e-07 -1.673613e-16 -3.677972e-04 -3.221447e-01 3.126560e-01 4.458298e-01 5.914259e-03 8.607683e-03 -4.526098e-01 3.539727e-01 
-1.589832e-03 4.689018e-02 1.634134e-01 -2.526085e-01 1.914563e-01 2.690733e-01 -4.367946e-02 -2.498846e-01 2.501102e-01 6.700122e-11 2.496118e-01 -2.258645e-01 -1.070066e-01 -2.875333e-01 3.589599e-11 2.497741e-01 2.502222e-01 -1.129245e-11 2.493164e-01 1.080662e-01 -2.251735e-01 2.004083e-01 2.892333e-01 4.417922e-12 -2.058094e-01 -2.135822e-03 -2.927056e-04 1.091970e-01 1.086820e-01 -1.091399e-01 1.118420e-01 4.706097e-04 
3.171424e-01 -3.071687e-01 -4.333048e-02 -9.288582e-03 5.989171e-03 7.235924e-02 -2.157981e-02 2.498840e-01 1.134963e-04 2.500000e-01 2.501727e-01 1.194208e-01 -2.195528e-01 1.431796e-01 2.500000e-01 -2.497748e-01 2.235878e-04 2.500000e-01 2.504035e-01 2.267408e-01 1.047341e-01 2.023033e-01 -1.449053e-01 2.500000e-01 -2.049721e-01 -1.538497e-01 -1.557864e-01 -2.676398e-03 2.505562e-03 -1.252676e-03 3.328999e-03 4.646252e-04 
2.531644e-03 -7.688600e-02 2.711576e-01 1.902329e-01 2.539395e-01 -1.465208e-01 -9.891926e-04 2.302450e-07 -2.497691e-01 -2.500000e-01 -6.964257e-03 -1.095462e-01 -3.365743e-01 1.443308e-01 -2.500000e-01 -1.100710e-06 -2.495513e-01 -2.500000e-01 1.842586e-03 3.336151e-01 -1.196799e-01 2.041672e-01 -1.443427e-01 -2.500000e-01 -2.041449e-01 -2.188694e-04 -3.035261e-03 -1.082369e-01 1.120278e-01 -1.119485e-01 -1.047008e-01 4.588345e-04 
